80.868 23.037 7.723 60.785 17.92 18.372 6.727 21.226 91.56 43.178 
70.238 51.982 38.499 68.585 74.804 7.416 6.4 70.589 24.894 21.833 
13.835 95.31 99.318 12.762 11.25 31.036 27.281 95.405 67.137 82.071 
79.486 43.586 20.683 65.114 48.099 47.126 47.825 12.948 78.644 95.843 
58.693 78.688 58.168 93.98 20.357 90.313 58.55 44.862 77.836 78.258 
93.38 13.406 78.754 68.749 80.348 90.166 39.408 47.896 69.198 22.25 
17.278 70.046 47.999 89.59 68.357 34.578 24.631 66.841 70.835 41.994 
65.935 82.245 49.404 58.438 59.577 32.53 21.666 4.289 80.618 71.468 
2.983 83.882 7.738 42.022 95.022 35.555 88.768 46.635 57.167 66.712 
95.353 23.281 42.647 55.553 65.102 43.522 62.595 66.986 54.269 72.055 
15.52 46.946 6.891 41.427 8.604 18.206 71.402 22.303 79.608 61.165 
7.639 99.286 1.331 86.195 22.116 54.129 91.745 77.923 37.558 39.051 
43.335 50.769 7.107 10.364 87.721 4.526 99.991 9.603 73.625 39.095 
93.813 23.462 8.116 60.413 76.653 69.032 94.957 18.493 96.872 62.937 
89.827 80.647 87.812 72.993 100.231 78.189 82.911 63.267 26.311 25.932 
97.205 81.84 31.26 61.083 5.259 26.752 36.119 87.777 93.397 8.569 
14.87 64.78 54.477 10.755 78.411 11.747 79.578 19.327 98.038 25.667 
33.987 34.547 95.128 51.151 15.671 80.897 34.827 62.369 81.172 66.157 
45.979 84.702 98.003 38.832 95.398 6.525 70.106 18.648 23.341 91.193 
69.854 36.28 32.155 8.797 3.275 50.384 23.724 65.681 97.701 32.47 
