10
32.173 43.862 82.008 51.232 38.874 81.647 100.807 90.978 53.193 5.086 69.823 74.301 11.271 80.8 7.014 48.879 76.515 37.363 89.517 97.373 
53.943 88.078 41.248 44.25 21.442 20.057 92.803 82.712 67.719 22.201 80.065 28.327 86.556 9.676 77.501 84.952 64.162 40.09 77.774 16.768 
35.426 3.374 10.039 69.801 67.069 22.956 36.148 41.152 34.301 96.247 99.554 58.731 99.168 9.609 62.312 1.676 72.811 21.24 75.988 9.49 
24.42 31.751 40.254 97.26 34.077 31.044 38.595 21.392 59.521 32.884 44.515 17.439 16.993 74.79 64.235 24.425 94.197 69.601 55.896 51.475 
71.942 44.161 60.672 51.945 24.108 43.692 64.757 95.647 90.687 58.679 5.285 88.779 8.747 88.243 31.515 7.354 8.476 1.217 29.154 14.925 
73.14 12.931 50.144 11.017 91.536 37.289 57.372 20.25 34.345 40.337 40.874 85.375 11.781 96.356 62.338 85.192 99.153 69.429 53.499 97.188 
58.507 75.724 33.655 23.458 53.788 41.474 51.264 89.938 88.889 27.248 67.442 28.529 34.208 52.334 54.176 61.327 4.292 100.619 37.019 51.552 
81.401 39.765 52.497 39.775 92.756 20.684 43.613 51.847 49.891 88.921 84.049 63.525 48.708 4.129 28.866 35.204 45.832 82.449 54.712 99.139 
11.06 37.586 15.522 46.381 88.114 76.791 36.922 80.198 51.1 16.535 26.934 95.409 78.056 51.488 29.176 22.606 8.205 1.797 94.165 89.488 
8.712 14.47 94.123 34.686 12.133 58.044 8.88 95.69 19.569 24.569 39.076 70.481 56.123 72.886 21.46 68.456 69.846 61.607 29.9 66.655 