56.708 49.727 73.808 69.483 95.248 88.276 49.223 52.009 45.138 91.326 36.645 96.86 97.311 81.755 91.702 58.877 24.737 1.76 24.512 91.082 
3.848 10.315 50.355 20.184 40.667 6.719 4.254 8.585 53.64 16.051 99.857 33.281 84.158 78.323 61.409 83.464 73.19 83.735 6.433 
75.03 67.01 22.226 46.509 54.173 47.622 82.926 13.752 71.499 68.893 84.714 26.385 36.421 37.578 11.266 45.826 22.066 14.249 
99.607 57.26 73.476 88.722 86.774 26.118 5.315 24.189 2.756 100.654 39.466 76.039 74.759 23.629 24.14 21.394 72.749 
65.482 29.473 94.931 12.11 59.212 58.238 48.018 84.799 92.354 100.039 20.327 54.398 28.46 35.819 76.18 50.661 
62.075 11.463 39.767 81.777 34.216 79.899 88.876 95.517 44.147 50.504 47.32 14.885 48.064 60.602 84.267 
80.681 40.464 95.874 41.868 25.344 41.035 71.858 36.187 71.106 98.221 13.549 19.221 20.054 39.308 
69.907 95.838 87.271 91.801 52.858 70.003 47.5 31.902 31.197 37.697 87.091 29.687 70.79 
46.559 80.654 85.187 54.881 78.206 35.215 3.958 39.891 44.059 92.266 23.173 11.324 
17.079 28.122 40.986 93.766 54.588 76.569 70.82 26.994 18.801 27.625 1.339 
8.376 65.054 80.383 35.329 22.572 86.528 17.57 5.479 77.142 17.085 
29.004 15.451 62.043 13.186 75.936 71.067 98.039 12.128 34.916 
18.777 64.599 30.968 23.336 95.054 75.304 26.952 70.486 
34.848 53.345 13.044 33.112 66.99 41.131 53.947 
22.062 52.649 30.788 27.845 81.442 46.322 
30.569 53.821 100.273 41.308 56.748 
81.184 90.437 75.288 26.829 
32.703 17.734 89.8 
68.848 95.533 
40.438 
