93.654 
46.315 54.84 
89.432 32.029 70.073 
93.795 65.097 77.311 5.52 
41.507 47.623 25.759 24.723 45.73 
55.468 84.558 78.859 38.863 7.029 81.965 
5.403 86.544 64.872 25.373 23.598 48.352 85.666 
87.454 67.837 45.219 96.2 46.819 64.146 18.921 24.522 
97.367 66.55 84.695 45.361 19.741 25.561 19.328 96.056 41.278 
3.155 7.77 83.585 7.667 50.045 86.635 22.695 99.495 4.063 48.802 
100.126 56.508 17.042 73.117 15.54 56.557 64.184 71.601 20.353 98.657 46.947 
25.551 92.858 73.536 30.619 61.141 74.659 3.091 80.997 91.327 58.191 7.738 47.765 
32.249 55.356 92.069 30.574 8.339 10.447 83.601 62.018 100.314 57.176 41.233 22.907 41.291 
25.406 11.196 82.262 43.779 56.572 4.507 77.77 98.193 100.618 98.725 11.982 65.048 90.019 17.201 
20.181 14.466 100.705 59.028 98.959 83.38 71.706 55.703 95.903 52.236 2.059 30.871 89.966 43.993 97.85 
92.786 12.947 27.836 79.14 48.459 92.872 21.565 65.985 72.309 24.468 46.911 72.978 62.524 72.142 14.729 51.664 
98.908 39.464 87.71 10.877 82.437 54.138 80.776 84.163 60.707 36.881 15.191 82.709 87.096 72.412 51.556 70.175 74.009 
6.312 59.12 22.417 8.235 46.217 45.975 58.517 94.401 3.89 87.17 85.713 36.521 97.999 14.1 60.624 65.054 52.598 30.024 
93.981 10.054 58.7 56.253 29.453 59.821 29.162 79.668 15.375 50.862 87.655 90.314 39.977 94.138 44.552 13.104 16.716 50.215 48.299 
76.223 27.297 11.722 50.09 31.433 93.602 77.106 50.455 20.474 9.126 54.077 88.334 11.369 68.895 61.167 71.05 93.224 59.702 49.983 34.393 
