65913.2 50182.3 57493.7 71606.4 55434.2 51819.3 45936.3 38911.8 38298.5 37076.5 33519.6 17260.8 25626.1 24853.3 19540.1 12873.7 9196.67 12618.9 7176.27 3084.97 
47675.9 33566.4 38057.8 45240.2 29435.2 23325.3 24948.8 22783 20073.1 11512.8 12993.8 4059.89 8741.52 7020.74 4964.56 4141.64 3581.91 5555.44 713.736 209.335 
50519 37720 42468.8 44987.9 42263.2 34655.9 33240.7 34461.2 33960.7 32451.5 29651.9 14789.6 18562.3 19415.3 14038 11361.6 6256.33 9225.25 9534.62 4081.71 
42038.6 42106.5 48525.5 47706.1 44107.5 38088.8 36913.2 31642 28863 29410.6 25327.3 10532.7 22584.5 24680.8 16735.8 15167.5 11701.4 15762.4 11622 5418.72 
47505.6 38945.2 44518.4 59277.2 44572.8 36596.5 31995 30580.5 34666 38126 36608.5 17486.8 19307.1 18145.4 11698.9 8195.73 7468.66 14779.5 7373.43 3562.29 
48586.1 35615.8 45390.4 49944.1 37735.7 39453.3 37612.8 30662.3 32806 36199.2 32222.8 23864.8 22581.2 19009.5 14065.3 8108.2 8324.81 8567.73 6451.44 3376.94 
39067.7 31547 34883.5 38762.3 36189.7 31955.2 28090.3 27135 29870.9 33039.8 34466.7 15494 19655.9 20708.4 11887 10176.3 9618.5 16224.2 9220.47 4389.13 
47802.9 38866.4 46921.1 44335.3 40405 39494.6 38892.2 42946.2 37612.3 31157.4 31573.1 16015.1 26376.7 30468.7 21610.7 17541.7 11566.5 16122 9975.03 3803.01 
28457.8 30309.8 30762 32496.1 30210.5 28336.6 26502.2 29814.5 25259.1 29001.9 25792.1 11101.8 21113.2 22938.3 16512.4 14455.9 8695.08 13885.6 7193.23 2532.86 
27546.8 17819.5 28321.9 27092.5 20788.8 25239.5 22354.9 22618.5 21145.7 23065 23179.4 15983.9 22048.7 19221.8 16101.2 9667.54 7470.52 6022.6 2590.82 929.115 
25579.9 17171.7 19088 29098.1 19088.2 20353.8 15722.3 23770.3 20821.1 18801.8 23620.9 7239.64 14975.8 20263.2 15513.1 9970.98 6077.33 10339.4 2945.55 455.663 
26615.3 10969.2 26869.3 29853.8 17810.9 20766.7 16671.3 21196.8 23121 20766.5 27733.5 14070.5 18514.6 14412.5 11345.7 5854.16 4662.71 8600.36 3344.22 1577.85 
21976.6 17825.9 25337.1 27265.1 18208.3 23034.5 20878.3 23972.7 20041.9 22293.5 19685.1 14211.4 18482.6 17206.9 15712.8 9975.74 3488.56 6131.88 3948.9 1021.49 
17498.5 12200.3 19327 18159.9 15876 16099 13930.4 16989.2 14616.2 14508.5 15675.3 9108.78 14599.1 14110 11750.9 8756.26 3686.81 5157.44 5154.47 1895.77 
13178.4 11697.7 16254.9 16767.5 12219.7 14197.5 12653.6 16580.6 11690.8 11273.7 12277.4 4162.99 12937.4 14302.7 12550.3 8939.38 3799.93 6017.84 3880.03 1200.19 
13006.4 15460 19367.2 17622.1 14440.7 11586.4 11480.2 16701.6 12637.3 8943.31 15812.3 4734.81 16040.5 17024.8 10629.9 11055.8 8074.8 13551.5 4751.13 1662.98 
13884.8 20135.9 16642.5 14409.9 19594.9 10369.3 9912.95 15862 12996.9 10303.4 15414.8 3701.73 11169.5 19404 10190.5 12590.4 8007.74 15565 10902.5 4416.49 
6676.54 8139.11 9917.9 9388.17 7653.55 4342.9 3832.67 7579.31 7848.19 3633.39 10877 1241.62 6477.54 9163.96 3349.15 4431.67 5420.89 11679.8 3780.93 1779.08 
8540.69 14579.9 7908.85 7364.2 15110.4 6897.83 6240.65 10750.2 7670.11 8190.65 7317.04 1890.01 4355.85 12412.4 7330.26 9554.16 2646.31 7358.59 9861.39 3745.4 
2378.64 3072.32 3479.45 1413.03 3503.83 607.5 1162.27 716.602 1789.71 2654.15 3296.14 160.862 218.85 2038.52 344.815 849.077 1416.06 2801.91 3958.72 2199.87 
